SampleID	FT_infant_stool	adult_oral	adult_skin	adult_stool	vaginal	Unknown
11712.SUBJECT42.SKIN.994	0.012199999999999999	0.16099999999999998	0.5092	0.04579999999999999	0.16639999999999994	0.10539999999999998
11712.SUBJECT7.SKIN.1110	0.0008	0.004400000000000001	0.9924000000000002	0.0	0.0024000000000000002	0.0
11713.5.O.5B	0.035	0.01	0.045599999999999995	0.13340000000000002	0.0008	0.7752000000000001
11712.SUBJECT31.ORAL.699	0.0032	0.0084	0.6731999999999999	0.004399999999999999	0.19519999999999998	0.1156
11712.SUBJECT10.ORAL.35	0.0006000000000000001	0.9718	0.0252	0.0016	0.0004	0.0004
11713.22.O.22E	0.0036000000000000003	0.0008	0.9408000000000001	0.018399999999999996	0.0026000000000000007	0.033800000000000004
11712.SUBJECT20.SKIN.409	0.0030000000000000005	0.2334	0.21559999999999996	0.005200000000000001	0.0004	0.5424
11712.SUBJECT41.STOOL.978	0.9964000000000001	0.0008	0.0020000000000000005	0.0	0.0008	0.0
11712.SUBJECT30.ORAL.646	0.002	0.0038	0.992	0.0	0.0021999999999999997	0.0
11712.SUBJECT12.ORAL.64	0.003	0.0116	0.44400000000000006	0.05720000000000001	0.0024000000000000002	0.48179999999999995
11712.SUBJECT34.STOOL.745	0.8896000000000001	0.0021999999999999997	0.018799999999999997	0.0054	0.0004	0.08359999999999998
11712.SUBJECT20.ORAL.391	0.0346	0.0326	0.0274	0.2504	0.0004	0.6546000000000001
11712.SUBJECT16.SKIN.172	0.009	0.0506	0.5146	0.029200000000000004	0.1276	0.269
11712.SUBJECT2.ORAL.381	0.005	0.0358	0.5938000000000001	0.0032	0.0012000000000000001	0.36100000000000004
11712.SUBJECT12.SKIN.83	0.0016	0.0006000000000000001	0.9945999999999999	0.0	0.0018000000000000002	0.0014
11712.SUBJECT31.STOOL.705	0.0372	0.1744	0.7706000000000001	0.0174	0.0004	0.0
11712.SUBJECT34.SKIN.739	0.0126	0.020399999999999998	0.8809999999999999	0.0018000000000000002	0.0264	0.057800000000000004
11712.SUBJECT41.ORAL.946	0.0	0.9838000000000001	0.0158	0.0	0.0002	0.0002
11712.SUBJECT19.ORAL.338	0.0012000000000000001	0.9734	0.023399999999999997	0.0016	0.0004	0.0
11712.SUBJECT20.ORAL.396	0.0022	0.9809999999999999	0.016000000000000004	0.0002	0.0006000000000000001	0.0
11712.SUBJECT12.SKIN.84	0.0021999999999999997	0.0016	0.9914000000000002	0.0002	0.0018000000000000002	0.0028000000000000004
11712.SUBJECT38.STOOL.822	0.137	0.3568	0.485	0.0212	0.0	0.0
11712.SUBJECT31.STOOL.702	0.6812	0.022399999999999996	0.22460000000000005	0.007600000000000001	0.005800000000000001	0.05840000000000001
11712.SUBJECT37.ORAL.790	0.0008	0.1326	0.724	0.0	0.0118	0.13080000000000003
11712.SUBJECT15.SKIN.149	0.0008	0.04959999999999999	0.327	0.005799999999999999	0.6115999999999999	0.005200000000000001
11712.SUBJECT28.SKIN.599	0.0002	0.001	0.8026	0.0034000000000000002	0.0264	0.1664
11712.SUBJECT22.STOOL.479	0.0	0.9965999999999999	0.0022	0.0	0.0006000000000000001	0.0006000000000000001
11712.SUBJECT17.STOOL.260	0.0066	0.0038000000000000004	0.0058000000000000005	0.030000000000000006	0.0046	0.9492
11713.5.O.5E	0.0038000000000000004	0.0006000000000000001	0.9862	0.0038000000000000004	0.0024000000000000002	0.0032
11713.22.O.22B	0.034600000000000006	0.016800000000000002	0.046	0.1206	0.0024000000000000002	0.7796000000000001
11712.SUBJECT10.ORAL.32	0.036799999999999986	0.3806	0.4022	0.016800000000000002	0.0012000000000000001	0.1624
11712.SUBJECT34.SKIN.742	0.0002	0.0020000000000000005	0.8676	0.0002	0.1254	0.0046
11712.SUBJECT25.SKIN.540	0.0018000000000000002	0.0002	0.9902000000000001	0.004400000000000001	0.003	0.0004
11712.SUBJECT9.ORAL.1169	0.0288	0.036199999999999996	0.78	0.0027999999999999995	0.0578	0.09439999999999998
11712.SUBJECT21.ORAL.443	0.0026000000000000003	0.9603999999999999	0.0202	0.008600000000000002	0.007200000000000001	0.001
11712.SUBJECT30.ORAL.641	0.0014	0.0	0.9938	0.0	0.0042	0.0006000000000000001
11712.SUBJECT21.STOOL.463	0.9924	0.0	0.007200000000000001	0.0	0.0004	0.0
11712.SUBJECT20.STOOL.420	0.04279999999999999	0.0836	0.09619999999999998	0.009600000000000001	0.0008	0.767
11713.22.S.22E	0.0020000000000000005	0.0	0.9955999999999999	0.0	0.0024000000000000002	0.0
11713.1.S.1G	0.0006000000000000001	0.0	0.9378000000000002	0.0004	0.008600000000000002	0.0526
11712.SUBJECT40.SKIN.902	0.0066	0.35019999999999996	0.2892	0.0066	0.014799999999999999	0.3326
11712.SUBJECT28.SKIN.597	0.0002	0.0002	0.8433999999999999	0.0	0.0098	0.14639999999999997
11712.SUBJECT22.STOOL.477	0.005200000000000001	0.0284	0.0228	0.0012000000000000001	0.0020000000000000005	0.9404
11712.SUBJECT23.SKIN.491	0.0008	0.013999999999999999	0.06920000000000001	0.0002	0.0102	0.9056
11712.SUBJECT10.STOOL.52	0.0352	0.8577999999999999	0.055600000000000004	0.0052	0.0014	0.04479999999999999
11712.SUBJECT31.ORAL.690	0.001	0.0002	0.8862	0.0	0.0106	0.10200000000000001
11712.SUBJECT19.STOOL.364	0.1056	0.04359999999999999	0.034199999999999994	0.011600000000000001	0.0014	0.8036
11712.SUBJECT43.ORAL.1024	0.6784000000000001	0.0002	0.2274	0.007600000000000001	0.0012000000000000001	0.08520000000000001
11712.SUBJECT9.ORAL.1167	0.2794	0.491	0.12399999999999997	0.0054	0.009799999999999998	0.09039999999999998
11712.SUBJECT11.ORAL.55	0.001	0.7386000000000001	0.21039999999999998	0.0006000000000000001	0.0028000000000000004	0.046599999999999996
11712.SUBJECT13.SKIN.111	0.0026000000000000003	0.4212000000000001	0.1016	0.012400000000000001	0.30219999999999997	0.15999999999999998
11712.SUBJECT33.STOOL.727	0.9599999999999997	0.0004	0.0078	0.0004	0.004200000000000001	0.027200000000000002
11712.SUBJECT41.STOOL.971	0.9950000000000001	0.0036000000000000003	0.0006000000000000001	0.0002	0.0006000000000000001	0.0
11713.25.F.25A	0.0024000000000000002	0.0002	0.9485999999999999	0.007200000000000001	0.0028	0.038799999999999994
11712.SUBJECT23.STOOL.499	0.08979999999999998	0.04279999999999999	0.025	0.09939999999999999	0.009799999999999998	0.7332
11712.SUBJECT18.STOOL.320	0.0018000000000000002	0.0012000000000000001	0.9538000000000002	0.0004	0.0042	0.03859999999999999
11712.SUBJECT14.SKIN.132	0.0058000000000000005	0.015000000000000003	0.9722	0.0004	0.004000000000000001	0.0026000000000000007
11712.SUBJECT20.SKIN.407	0.008	0.0208	0.33440000000000003	0.0036000000000000003	0.04079999999999999	0.5923999999999998
11713.3.F.3A	0.6488	0.0008	0.033600000000000005	0.0004	0.31120000000000003	0.005200000000000001
11712.SUBJECT30.ORAL.648	0.0018000000000000002	0.31679999999999997	0.6779999999999999	0.0016	0.0018000000000000002	0.0
11712.SUBJECT20.STOOL.427	0.9668000000000001	0.015000000000000003	0.0118	0.004	0.0008	0.0016
11713.22.S.22B	0.0002	0.0	0.34639999999999993	0.009	0.0014	0.643
11712.SUBJECT34.SKIN.737	0.08779999999999998	0.039	0.8511999999999998	0.0018000000000000002	0.0027999999999999995	0.017400000000000002
11712.SUBJECT40.SKIN.905	0.0012000000000000001	0.0006000000000000001	0.9864	0.0	0.0044	0.007399999999999999
11712.SUBJECT21.ORAL.436	0.09919999999999998	0.17519999999999997	0.046	0.17019999999999996	0.2182	0.2912
11712.SUBJECT19.ORAL.336	0.0	0.9827999999999999	0.016800000000000002	0.0	0.0004	0.0
11712.SUBJECT23.SKIN.496	0.0004	0.0004	0.9928000000000001	0.0006000000000000001	0.0038000000000000004	0.0020000000000000005
11712.SUBJECT10.SKIN.44	0.0002	0.0002	0.9948	0.0	0.0046	0.0002
11713.15.O.15C	0.0030000000000000005	0.0004	0.066	0.0164	0.0028	0.9114000000000002
11713.18.F.18B	0.0002	0.0	0.9972	0.0	0.0026000000000000003	0.0
11713.16.O.16A	0.0038000000000000004	0.014799999999999999	0.0378	0.20459999999999998	0.0006000000000000001	0.7383999999999998
11713.4.S.4C	0.0004	0.0	0.6606	0.0022000000000000006	0.0021999999999999997	0.33460000000000006
11713.10.O.10E	0.0008	0.0	0.9958	0.0	0.0032	0.0002
11712.SUBJECT36.STOOL.784	0.5518	0.010400000000000001	0.0098	0.0064	0.0002	0.42139999999999994
11712.SUBJECT40.ORAL.886	0.0	0.985	0.014000000000000004	0.0004	0.0004	0.0002
11712.SUBJECT8.ORAL.1116	0.008799999999999999	0.9309999999999998	0.049199999999999994	0.0002	0.0030000000000000005	0.007800000000000001
11712.SUBJECT30.STOOL.688	0.01	0.06620000000000001	0.0252	0.0018000000000000002	0.0038000000000000004	0.893
11712.SUBJECT2.STOOL.390	0.019200000000000002	0.501	0.45360000000000006	0.0116	0.0012000000000000001	0.0134
11712.SUBJECT2.SKIN.385	0.002	0.7062000000000002	0.17539999999999997	0.012000000000000002	0.0008	0.1036
11712.SUBJECT10.SKIN.38	0.10200000000000001	0.025	0.0032	0.34040000000000004	0.0006000000000000001	0.5288000000000002
11712.SUBJECT1.ORAL.6	0.0002	0.9196	0.078	0.0002	0.0014	0.0006000000000000001
11712.SUBJECT36.ORAL.773	0.0068000000000000005	0.8766	0.022799999999999994	0.0002	0.0012000000000000001	0.09239999999999998
11712.SUBJECT1.STOOL.24	0.007799999999999999	0.0	0.0018000000000000002	0.0002	0.0006000000000000001	0.9895999999999999
11712.SUBJECT43.SKIN.1046	0.0	0.0002	0.8433999999999999	0.0	0.0016	0.1548
11712.SUBJECT8.SKIN.1146	0.2696	0.0048000000000000004	0.0628	0.0026000000000000003	0.5626	0.09759999999999999
11712.SUBJECT29.STOOL.618	0.09159999999999999	0.0014	0.0028	0.8979999999999999	0.0004	0.0058000000000000005
11712.SUBJECT9.STOOL.1211	0.003400000000000001	0.0004	0.9826	0.0068000000000000005	0.0046	0.0022
11712.SUBJECT42.SKIN.1005	0.0098	0.3322	0.6044	0.010600000000000002	0.0406	0.0024000000000000002
11712.SUBJECT42.ORAL.990	0.0014	0.7474000000000001	0.2486	0.001	0.0016	0.0
11712.SUBJECT4.ORAL.845	0.0252	0.8102	0.1552	0.0094	0.0	0.0
11712.SUBJECT21.STOOL.456	0.0764	0.007400000000000001	0.030800000000000004	0.6554	0.040799999999999996	0.18919999999999998
11712.SUBJECT21.SKIN.447	0.0248	0.157	0.2472	0.06340000000000001	0.12639999999999998	0.38120000000000004
11712.SUBJECT36.ORAL.774	0.0016	0.6890000000000002	0.205	0.0016	0.0224	0.0804
11712.SUBJECT27.ORAL.576	0.0	0.9856000000000001	0.012799999999999997	0.0004	0.0004	0.0008
11712.SUBJECT1.STOOL.23	0.0004	0.0038	0.0162	0.0004	0.001	0.9781999999999998
11712.SUBJECT42.SKIN.1002	0.001	0.0002	0.9903999999999998	0.0036000000000000003	0.0038000000000000004	0.001
11712.SUBJECT4.ORAL.842	0.0142	0.9349999999999999	0.039799999999999995	0.0106	0.0	0.0004
11712.SUBJECT10.SKIN.43	0.0028000000000000004	0.0008	0.9882	0.0002	0.004000000000000001	0.003999999999999999
11713.15.O.15D	0.0206	0.016200000000000003	0.016999999999999998	0.11340000000000001	0.0008	0.8320000000000001
11713.4.S.4D	0.0016	0.01	0.8286	0.0104	0.003	0.14639999999999997
11713.16.O.16F	0.0016	0.0004	0.9757999999999999	0.009600000000000001	0.003	0.009600000000000001
11712.SUBJECT29.SKIN.616	0.0006000000000000001	0.001	0.9958	0.0	0.0024000000000000002	0.0002
11713.10.O.10B	0.0528	0.005000000000000001	0.1214	0.13540000000000002	0.0058000000000000005	0.6796
11712.SUBJECT36.STOOL.783	0.009600000000000001	0.0	0.23640000000000003	0.0	0.0012000000000000001	0.7527999999999999
11712.SUBJECT11.SKIN.58	0.0078	0.05720000000000001	0.433	0.0162	0.020399999999999995	0.4654000000000001
11712.SUBJECT22.SKIN.475	0.021400000000000002	0.055400000000000005	0.8404000000000001	0.00020000000000000004	0.006200000000000001	0.07640000000000002
11712.SUBJECT19.SKIN.349	0.028199999999999996	0.311	0.35540000000000005	0.0002	0.0018000000000000002	0.3034
11712.SUBJECT21.SKIN.449	0.0368	0.6278	0.0258	0.0012000000000000001	0.0196	0.2888
11713.15.S.15C	0.0024000000000000002	0.0002	0.9378	0.005799999999999999	0.0036000000000000003	0.0502
11712.SUBJECT21.STOOL.458	0.9922000000000001	0.0	0.006200000000000001	0.0008	0.0008	0.0
11712.SUBJECT4.STOOL.864	0.0016	0.0028000000000000004	0.15899999999999997	0.0	0.0038000000000000004	0.8328
11713.16.S.16A	0.009	0.0022000000000000006	0.045399999999999996	0.007599999999999998	0.0006000000000000001	0.9351999999999998
11713.5.F.5C	0.0002	0.0	0.9965999999999999	0.0	0.0030000000000000005	0.0002
11712.SUBJECT38.SKIN.814	0.001	0.0008	0.9962	0.0	0.0018000000000000002	0.0002
11713.10.S.10E	0.0006000000000000001	0.0	0.9366	0.0	0.0018000000000000002	0.06100000000000001
11712.SUBJECT1.SKIN.12	0.0008	0.008200000000000002	0.5174	0.0048000000000000004	0.0014	0.4673999999999999
11713.17.F.17A	0.020399999999999998	0.020999999999999998	0.030400000000000003	0.08559999999999998	0.0004	0.8422000000000001
11712.SUBJECT34.ORAL.734	0.0027999999999999995	0.9691999999999998	0.024600000000000004	0.003	0.0	0.0004
11712.SUBJECT8.SKIN.1133	0.0014	0.0004	0.9904	0.0002	0.006799999999999999	0.0008
11712.SUBJECT30.STOOL.681	0.011	0.8855999999999999	0.038400000000000004	0.004	0.0006000000000000001	0.06040000000000001
11712.SUBJECT17.SKIN.225	0.013800000000000002	0.0028000000000000004	0.7796000000000001	0.011600000000000001	0.09439999999999998	0.09779999999999998
11713.17.F.17F	0.0404	0.018799999999999997	0.028000000000000004	0.23979999999999996	0.0	0.673
11712.SUBJECT1.SKIN.15	0.0006000000000000001	0.0004	0.9888	0.0002	0.0028000000000000004	0.007200000000000001
11712.SUBJECT25.ORAL.531	0.0	0.9878	0.011400000000000002	0.0002	0.0004	0.0002
11712.SUBJECT34.ORAL.733	0.004	0.9686	0.024200000000000003	0.0032	0.0	0.0
11713.11.F.11B	0.3126	0.0046	0.0162	0.05399999999999999	0.001	0.6115999999999999
11712.SUBJECT22.SKIN.472	0.0116	0.08080000000000001	0.7448	0.0010000000000000002	0.0546	0.1072
11712.SUBJECT27.STOOL.582	0.9884000000000001	0.0	0.008600000000000002	0.0002	0.0014	0.0014
11713.15.S.15D	0.0026	0.0048000000000000004	0.8220000000000001	0.0166	0.0030000000000000005	0.15099999999999997
11713.16.S.16F	0.022000000000000002	0.001	0.6762	0.045799999999999993	0.0028000000000000004	0.2522
11712.SUBJECT4.STOOL.863	0.6274000000000001	0.2648	0.0058000000000000005	0.0016	0.0014000000000000002	0.09899999999999999
11713.5.F.5D	0.16479999999999997	0.0	0.8221999999999999	0.010000000000000002	0.0016	0.0014
11713.10.S.10B	0.001	0.0004	0.5428000000000001	0.009600000000000001	0.0006000000000000001	0.44560000000000005
11712.SUBJECT38.SKIN.813	0.0016	0.08499999999999999	0.8826	0.0006000000000000001	0.0032	0.027000000000000003
11712.SUBJECT8.SKIN.1148	0.0012000000000000001	0.0	0.9932000000000001	0.0	0.005600000000000001	0.0
11713.18.S.18D	0.0014	0.0006000000000000001	0.9772000000000001	0.006999999999999999	0.009200000000000002	0.0046
11712.SUBJECT14.STOOL.140	0.8790000000000001	0.047	0.007000000000000001	0.0024000000000000002	0.0014	0.0632
11712.SUBJECT23.ORAL.483	0.0	0.9878	0.011600000000000003	0.0	0.0006000000000000001	0.0
11712.SUBJECT28.ORAL.585	0.4053999999999999	0.0848	0.09599999999999999	0.07139999999999999	0.008400000000000001	0.33399999999999996
11712.SUBJECT27.SKIN.580	0.9389999999999998	0.0020000000000000005	0.055799999999999995	0.0006000000000000001	0.0020000000000000005	0.0006000000000000001
11712.SUBJECT8.STOOL.1161	0.9920000000000002	0.0012000000000000001	0.0064	0.0	0.0004	0.0
11713.17.O.17G	0.0006000000000000001	0.0	0.9936	0.0020000000000000005	0.0034000000000000002	0.0004
11713.12.O.12A	0.0986	0.0016	0.10659999999999999	0.18439999999999995	0.17259999999999998	0.43620000000000003
11713.5.S.5C	0.0016	0.0006000000000000001	0.9902	0.0004	0.0026000000000000003	0.004600000000000001
11713.11.O.11C	0.0008	0.0002	0.9818	0.004800000000000001	0.004000000000000001	0.0084
11712.SUBJECT26.ORAL.560	0.9889999999999999	0.0	0.0084	0.0002	0.0012000000000000001	0.0012000000000000001
11712.SUBJECT35.ORAL.757	0.004399999999999999	0.9644	0.028000000000000004	0.0027999999999999995	0.0004	0.0
11712.SUBJECT42.ORAL.988	0.4724000000000001	0.0	0.5240000000000001	0.0	0.0028	0.0008
11713.14.O.14B	0.0006000000000000001	0.0	0.9962	0.0	0.0032	0.0
11713.5.S.5D	0.0014	0.0	0.9965999999999999	0.0	0.0020000000000000005	0.0
11713.12.O.12F	0.0008	0.0	0.9968	0.0	0.0024000000000000002	0.0
11713.11.O.11D	0.0016	0.0008	0.9944	0.0	0.0027999999999999995	0.0004
11712.SUBJECT24.SKIN.516	0.0022	0.006000000000000001	0.975	0.0022000000000000006	0.013599999999999998	0.001
11712.SUBJECT14.ORAL.120	0.0	0.9864	0.0128	0.0002	0.0006000000000000001	0.0
11713.18.S.18C	0.019399999999999997	0.0008	0.6896000000000001	0.0	0.0024000000000000002	0.28779999999999994
11712.SUBJECT39.STOOL.839	0.0048000000000000004	0.9850000000000001	0.007000000000000001	0.0016	0.0014	0.0002
11712.SUBJECT23.ORAL.484	0.0	0.9902	0.0088	0.0	0.0004	0.0006000000000000001
11712.SUBJECT9.STOOL.1207	0.47240000000000004	0.0006000000000000001	0.5115999999999999	0.005200000000000001	0.0014	0.008799999999999999
11712.SUBJECT42.ORAL.986	0.828	0.0020000000000000005	0.1464	0.0168	0.002	0.0048000000000000004
11713.13.F.13A	0.007600000000000001	0.0044	0.0232	0.139	0.0006000000000000001	0.8251999999999999
11713.10.F.10C	0.022	0.0022000000000000006	0.0406	0.2432	0.0008	0.6911999999999999
11712.SUBJECT24.SKIN.518	0.0016	0.044	0.9422	0.0002	0.0116	0.0004
11712.SUBJECT43.STOOL.1082	0.3312	0.0078	0.021799999999999993	0.433	0.0016	0.20459999999999998
11712.SUBJECT24.STOOL.523	0.7116	0.001	0.001	0.284	0.0006000000000000001	0.0018000000000000002
11712.SUBJECT12.STOOL.95	0.9898	0.0012000000000000001	0.0036000000000000003	0.005200000000000001	0.0002	0.0
11713.17.S.17G	0.0016	0.0	0.9870000000000001	0.0020000000000000005	0.004399999999999999	0.005
11713.4.F.4C	0.0021999999999999997	0.0	0.6652	0.0128	0.0016	0.3182
11712.SUBJECT16.ORAL.160	0.0002	0.8817999999999999	0.11460000000000001	0.0008	0.0026000000000000003	0.0
11713.12.S.12A	0.23419999999999996	0.0004	0.16579999999999998	0.0048000000000000004	0.4822	0.1126
11713.11.S.11C	0.0004	0.0004	0.9948	0.0	0.003	0.0014
11713.1.O.1F	0.0012000000000000001	0.0004	0.7724	0.005600000000000001	0.0020000000000000005	0.2184
11712.SUBJECT39.STOOL.837	0.18879999999999997	0.012	0.48600000000000004	0.045799999999999993	0.0018000000000000002	0.26560000000000006
11712.SUBJECT25.ORAL.529	0.1048	0.024399999999999998	0.0174	0.6839999999999999	0.0078	0.1616
11712.SUBJECT41.SKIN.954	0.007600000000000001	0.5999999999999999	0.3596	0.0033999999999999994	0.0128	0.016599999999999997
11712.SUBJECT24.STOOL.524	0.9936	0.0002	0.0022	0.0038000000000000004	0.0002	0.0
11713.14.S.14B	0.0002	0.0	0.9974000000000001	0.0	0.0024000000000000002	0.0
11713.4.F.4D	0.051000000000000004	0.0002	0.717	0.0106	0.003	0.2182
11713.12.S.12F	0.0032	0.0018000000000000002	0.4378	0.0002	0.01	0.547
11713.11.S.11D	0.001	0.001	0.9949999999999999	0.0	0.0026000000000000003	0.0004
11712.SUBJECT35.SKIN.761	0.0012000000000000001	0.0112	0.9798	0.0006000000000000001	0.0038000000000000004	0.0034000000000000002
11712.SUBJECT41.SKIN.953	0.5808	0.03180000000000001	0.3818	0.0008	0.004800000000000001	0.0
11713.15.F.15B	0.15019999999999997	0.0044	0.06960000000000001	0.0196	0.0038000000000000004	0.7524000000000001
11713.10.F.10D	0.9982	0.0006000000000000001	0.0004	0.0	0.0008	0.0
11712.SUBJECT21.SKIN.451	0.001	0.0	0.9954000000000001	0.0	0.0034000000000000002	0.0002
11712.SUBJECT19.SKIN.351	0.0586	0.15100000000000002	0.5640000000000001	0.001	0.024799999999999996	0.20059999999999997
11712.SUBJECT17.ORAL.202	0.007600000000000001	0.34519999999999995	0.2764	0.023999999999999997	0.262	0.08479999999999999
11712.SUBJECT8.ORAL.1132	0.5389999999999999	0.014799999999999999	0.44320000000000004	0.0	0.0030000000000000005	0.0
11712.SUBJECT38.ORAL.806	0.0004	0.9722000000000002	0.0252	0.0008	0.0014	0.0
11712.SUBJECT28.STOOL.603	0.7539999999999999	0.0002	0.0062	0.22139999999999999	0.0006000000000000001	0.0176
11712.SUBJECT26.SKIN.564	0.0336	0.0182	0.3512	0.0004	0.0692	0.5273999999999999
11712.SUBJECT25.STOOL.552	0.6756000000000001	0.0024000000000000002	0.0056	0.3148000000000001	0.0016	0.0
11712.SUBJECT40.STOOL.924	0.0736	0.3912000000000001	0.39380000000000004	0.0184	0.0002	0.12279999999999998
11712.SUBJECT9.ORAL.1171	0.009800000000000001	0.2646	0.4630000000000001	0.0064	0.020599999999999997	0.23559999999999998
11712.SUBJECT35.STOOL.765	0.5158	0.0016	0.31459999999999994	0.0188	0.0024000000000000002	0.14679999999999999
11712.SUBJECT43.SKIN.1062	0.0004	0.0022	0.9922000000000001	0.0	0.004800000000000001	0.0004
11713.4.O.4B	0.0008	0.0	0.8564	0.005599999999999999	0.003	0.1342
11713.20.O.20A	0.0254	0.03799999999999999	0.10399999999999998	0.1666	0.0012000000000000001	0.6648000000000001
11713.25.O.25G	0.0108	0.0012000000000000001	0.9106	0.0246	0.0028000000000000004	0.05
11712.SUBJECT42.STOOL.1019	0.9172	0.0	0.0	0.037399999999999996	0.0002	0.0452
11712.SUBJECT18.ORAL.276	0.0026	0.0002	0.9904	0.0002	0.0036000000000000003	0.0030000000000000005
11713.4.O.4E	0.0032	0.0018000000000000002	0.9895999999999999	0.0006000000000000001	0.0034000000000000002	0.0014
11713.20.O.20F	0.001	0.001	0.9875999999999999	0.0002	0.0027999999999999995	0.007400000000000001
11712.SUBJECT43.STOOL.1066	0.299	0.0014	0.0058	0.004200000000000001	0.0002	0.6894
11712.SUBJECT20.SKIN.411	0.0094	0.014800000000000002	0.7222	0.010199999999999999	0.004600000000000001	0.23879999999999998
11712.SUBJECT26.SKIN.563	0.024999999999999998	0.048999999999999995	0.4266	0.0002	0.3242	0.17499999999999996
11712.SUBJECT28.STOOL.604	0.8808000000000001	0.0006000000000000001	0.011	0.023800000000000005	0.0018000000000000002	0.08199999999999999
11712.SUBJECT16.ORAL.155	0.1518	0.22959999999999997	0.2266	0.11740000000000002	0.0118	0.26280000000000003
11712.SUBJECT24.ORAL.512	0.0	0.9852000000000001	0.011600000000000001	0.0002	0.0028	0.0002
11712.SUBJECT23.STOOL.501	0.003	0.0814	0.045599999999999995	0.0020000000000000005	0.0018000000000000002	0.8661999999999999
11712.SUBJECT41.SKIN.961	0.006	0.0382	0.6576000000000001	0.0	0.0106	0.28759999999999997
11712.SUBJECT18.SKIN.298	0.0018000000000000002	0.0342	0.9472000000000002	0.0002	0.004200000000000001	0.0124
11713.3.S.3A	0.0016	0.007400000000000001	0.028200000000000003	0.0096	0.7776	0.17559999999999998
11712.SUBJECT3.SKIN.632	0.0196	0.07780000000000001	0.11939999999999999	0.0064	0.0002	0.7766
11713.22.F.22C	0.0026000000000000003	0.0	0.045799999999999993	0.15699999999999997	0.002	0.7926
11712.SUBJECT42.STOOL.1010	0.3528	0.006	0.007200000000000001	0.4598000000000001	0.0082	0.16599999999999998
11713.21.F.21A	0.022	0.0166	0.08759999999999998	0.3068	0.038599999999999995	0.5283999999999999
11713.8.S.8G	0.0004	0.0	0.9975999999999999	0.0	0.002	0.0
11712.SUBJECT9.SKIN.1185	0.0012000000000000001	0.0092	0.1056	0.0004	0.1392	0.7444
11713.20.S.20A	0.11900000000000002	0.0016	0.056400000000000006	0.021599999999999998	0.0006000000000000001	0.8008000000000001
11713.25.S.25G	0.0114	0.0056	0.9248000000000001	0.020200000000000003	0.0034000000000000002	0.0346
11712.SUBJECT18.SKIN.296	0.007600000000000001	0.0016	0.9578	0.013800000000000002	0.0104	0.008800000000000002
11712.SUBJECT38.ORAL.808	0.0002	0.7656000000000001	0.23220000000000002	0.0004	0.0016	0.0
11712.SUBJECT41.STOOL.969	0.9948	0.004600000000000001	0.0	0.0002	0.0004	0.0
11712.SUBJECT30.ORAL.657	0.057199999999999994	0.0394	0.211	0.022399999999999996	0.010400000000000001	0.6596
11712.SUBJECT22.ORAL.469	0.0	0.9888000000000001	0.011200000000000002	0.0	0.0	0.0
11713.20.S.20F	0.0002	0.0004	0.993	0.0008	0.003	0.0026
11712.SUBJECT4.SKIN.850	0.001	0.19899999999999998	0.1062	0.0014	0.0008	0.6916
11712.SUBJECT18.SKIN.291	0.002	0.0012000000000000001	0.7407999999999999	0.0058000000000000005	0.13360000000000002	0.1166
11712.SUBJECT23.SKIN.489	0.016999999999999998	0.1484	0.6769999999999998	0.0088	0.0024000000000000002	0.14639999999999997
11712.SUBJECT43.ORAL.1040	0.09199999999999998	0.14959999999999998	0.17639999999999995	0.3082	0.002	0.2718000000000001
11713.22.F.22D	0.0006000000000000001	0.0	0.9964000000000001	0.0	0.0030000000000000005	0.0
11712.SUBJECT26.ORAL.555	0.0096	0.022999999999999996	0.5148	0.023799999999999998	0.005000000000000002	0.42380000000000007
11712.SUBJECT42.STOOL.1017	0.32239999999999996	0.0	0.006	0.6032	0.0002	0.06820000000000001
11712.SUBJECT1.SKIN.14	0.0006000000000000001	0.36920000000000003	0.527	0.0004	0.0038	0.09899999999999999
11712.SUBJECT34.ORAL.732	0.005200000000000001	0.943	0.0472	0.0028000000000000004	0.0018000000000000002	0.0
11713.11.F.11C	0.046	0.006800000000000002	0.15879999999999997	0.1034	0.0014	0.6836
11712.SUBJECT25.ORAL.530	0.0014	0.8534	0.14100000000000001	0.0002	0.0030000000000000005	0.001
11713.12.F.12A	0.8937999999999999	0.0	0.015	0.0072	0.0	0.08399999999999999
11712.SUBJECT11.STOOL.61	0.4042	0.0086	0.011399999999999999	0.0036	0.0002	0.572
11712.SUBJECT15.ORAL.145	0.004200000000000001	0.18059999999999996	0.5706	0.03319999999999999	0.014400000000000001	0.19699999999999998
11712.SUBJECT22.SKIN.473	0.026999999999999996	0.1302	0.7938000000000002	0.018799999999999997	0.0014	0.028800000000000003
11712.SUBJECT5.SKIN.1086	0.0028000000000000004	0.0044	0.9146000000000001	0.0002	0.0034000000000000002	0.07459999999999999
11712.SUBJECT4.STOOL.862	0.238	0.0082	0.25179999999999997	0.0	0.0038000000000000004	0.49820000000000003
11713.16.S.16G	0.027600000000000003	0.0788	0.024399999999999998	0.03300000000000001	0.0002	0.8360000000000001
11713.15.S.15E	0.0008	0.0	0.9949999999999999	0.0	0.0032	0.001
11712.SUBJECT27.STOOL.583	0.4854	0.0	0.0018000000000000002	0.004399999999999999	0.0	0.5084
11713.10.S.10C	0.0018000000000000002	0.0006000000000000001	0.8688	0.0106	0.004000000000000001	0.11420000000000001
11713.5.F.5E	0.058800000000000005	0.0	0.23240000000000002	0.005800000000000001	0.002	0.701
11713.13.S.13A	0.0006000000000000001	0.0	0.20459999999999998	0.0002	0.001	0.7936
11712.SUBJECT6.SKIN.1092	0.011	0.088	0.843	0.0002	0.002	0.0558
11712.SUBJECT8.SKIN.1149	0.055999999999999994	0.0008	0.9387999999999999	0.0	0.004399999999999999	0.0
11712.SUBJECT29.STOOL.617	0.0954	0.0030000000000000005	0.0054	0.8136000000000001	0.0036000000000000003	0.079
11712.SUBJECT22.SKIN.474	0.007200000000000001	0.009400000000000002	0.8624	0.03280000000000001	0.0024000000000000002	0.0858
11712.SUBJECT11.SKIN.59	0.011	0.045200000000000004	0.42519999999999997	0.001	0.0196	0.49799999999999994
11712.SUBJECT4.STOOL.865	0.024999999999999998	0.3722	0.5875999999999999	0.014799999999999999	0.0	0.0004
11713.15.S.15B	0.0014	0.04599999999999999	0.03679999999999999	0.06799999999999999	0.0006000000000000001	0.8472
11713.10.S.10D	0.0006000000000000001	0.0	0.9107999999999998	0.0042	0.006	0.0784
11712.SUBJECT38.SKIN.815	0.0004	0.024799999999999996	0.966	0.0012000000000000001	0.0028000000000000004	0.0048
11713.5.F.5B	0.001	0.0	0.9973999999999998	0.0	0.0016	0.0
11713.20.F20B	0.0012000000000000001	0.007800000000000001	0.013399999999999999	0.08939999999999998	0.0006000000000000001	0.8876000000000002
11712.SUBJECT32.STOOL.722	0.9358000000000001	0.05840000000000001	0.0030000000000000005	0.0008	0.0020000000000000005	0.0
11712.SUBJECT6.SKIN.1095	0.06500000000000002	0.0158	0.127	0.5154000000000001	0.012	0.26480000000000004
11712.SUBJECT1.SKIN.13	0.0006000000000000001	0.09579999999999998	0.1636	0.0004	0.0188	0.7207999999999999
11713.14.F.14B	0.04379999999999999	0.0078	0.8200000000000001	0.11000000000000001	0.0044	0.014000000000000002
11713.11.F.11D	0.009400000000000002	0.004200000000000001	0.267	0.1042	0.0020000000000000005	0.6131999999999999
11712.SUBJECT30.STOOL.680	0.002	0.0	0.9956000000000002	0.0	0.0020000000000000005	0.0004
11712.SUBJECT17.SKIN.224	0.021	0.09119999999999999	0.35960000000000003	0.008400000000000001	0.34059999999999996	0.17919999999999997
11712.SUBJECT11.SKIN.57	0.0014000000000000002	0.09599999999999999	0.3451999999999999	0.0004	0.0636	0.4934
11712.SUBJECT21.SKIN.446	0.017400000000000002	0.024399999999999998	0.2766	0.007600000000000001	0.47440000000000004	0.19959999999999997
11712.SUBJECT21.STOOL.457	0.9927999999999999	0.0	0.006800000000000002	0.0002	0.0002	0.0
11712.SUBJECT1.STOOL.22	0.5919999999999999	0.1696	0.0508	0.029800000000000004	0.0034000000000000002	0.15439999999999998
11712.SUBJECT36.ORAL.775	0.0021999999999999997	0.6642000000000001	0.29419999999999996	0.0026000000000000003	0.0014	0.0354
11712.SUBJECT42.SKIN.1003	0.0	0.0	0.992	0.0002	0.007000000000000001	0.0008
11712.SUBJECT4.ORAL.843	0.0126	0.8664	0.1008	0.014799999999999999	0.004200000000000001	0.0012000000000000001
11712.SUBJECT10.SKIN.42	0.0026000000000000007	0.0022000000000000006	0.993	0.0	0.0016	0.0006000000000000001
11713.4.S.4E	0.0016	0.0002	0.951	0.0164	0.0026000000000000003	0.028200000000000003
11712.SUBJECT3.ORAL.626	0.0256	0.8154	0.1458	0.013000000000000001	0.0002	0.0
11713.16.O.16G	0.0048000000000000004	0.0002	0.7418	0.07339999999999999	0.0034000000000000002	0.17639999999999995
11713.18.F.18D	0.001	0.0006000000000000001	0.9958	0.0	0.0026000000000000003	0.0
11713.10.O.10C	0.004000000000000001	0.0002	0.9814	0.007600000000000001	0.0024000000000000002	0.004400000000000001
11713.13.O.13A	0.002	0.0004	0.0306	0.11380000000000001	0.0018000000000000002	0.8513999999999999
11712.SUBJECT32.ORAL.711	0.0006000000000000001	0.007000000000000001	0.7463999999999998	0.0016	0.0014	0.24299999999999997
11712.SUBJECT10.SKIN.45	0.0002	0.0006000000000000001	0.9932000000000001	0.0006000000000000001	0.005	0.0004
11713.4.S.4B	0.08379999999999999	0.0504	0.11840000000000002	0.22240000000000001	0.0012000000000000001	0.5238
11713.15.O.15B	0.0394	0.008199999999999999	0.1014	0.1982	0.0018000000000000002	0.651
11713.18.F.18C	0.007400000000000001	0.0006000000000000001	0.9030000000000001	0.07999999999999999	0.0024000000000000002	0.0066
11712.SUBJECT7.ORAL.1106	0.0004	0.9878	0.0104	0.0006000000000000001	0.0008	0.0
11713.10.O.10D	0.0038000000000000004	0.0004	0.8418000000000001	0.0526	0.006799999999999999	0.09459999999999999
11712.SUBJECT36.STOOL.785	0.0012000000000000001	0.0	0.9970000000000001	0.0	0.0018000000000000002	0.0
11712.SUBJECT40.ORAL.887	0.0002	0.9032	0.09539999999999998	0.0	0.0012000000000000001	0.0
11712.SUBJECT30.STOOL.689	0.010599999999999997	0.04539999999999999	0.0164	0.0034000000000000002	0.001	0.9232000000000001
11712.SUBJECT2.SKIN.384	0.002	0.6129999999999999	0.08239999999999999	0.0018000000000000002	0.019799999999999998	0.281
11712.SUBJECT1.ORAL.7	0.0	0.9136000000000001	0.08419999999999998	0.0	0.0022000000000000006	0.0
11712.SUBJECT1.STOOL.25	0.1996	0.0	0.0026000000000000003	0.0014	0.0002	0.7962
11712.SUBJECT42.ORAL.991	0.005600000000000001	0.9747999999999999	0.0174	0.0012000000000000001	0.001	0.0
11712.SUBJECT9.STOOL.1210	0.0062	0.004	0.9655999999999999	0.0012000000000000001	0.0021999999999999997	0.0208
11712.SUBJECT42.SKIN.1004	0.004200000000000001	0.0024000000000000002	0.982	0.0054	0.0058	0.0002
11712.SUBJECT29.STOOL.619	0.04079999999999999	0.0004	0.0	0.9585999999999999	0.0002	0.0
11712.SUBJECT8.SKIN.1147	0.0006000000000000001	0.0008	0.9940000000000001	0.0	0.004600000000000001	0.0
11712.SUBJECT4.ORAL.844	0.0184	0.7744	0.1948	0.011399999999999999	0.001	0.0
11713.3.O.3F	0.0018000000000000002	0.0116	0.9244	0.023	0.038200000000000005	0.001
11712.SUBJECT36.SKIN.778	0.007000000000000001	0.0082	0.6674	0.0026	0.10799999999999998	0.2068
11712.SUBJECT14.SKIN.133	0.001	0.001	0.992	0.0002	0.0020000000000000005	0.0038
11712.SUBJECT11.ORAL.53	0.0068000000000000005	0.059800000000000006	0.7782	0.0034000000000000002	0.0021999999999999997	0.14959999999999998
11713.20.F.20A	0.0054	0.004000000000000001	0.0254	0.17379999999999998	0.0	0.7914000000000001
11712.SUBJECT20.SKIN.406	0.027800000000000002	0.0052	0.8950000000000001	0.011399999999999997	0.0052000000000000015	0.05539999999999999
11712.SUBJECT16.STOOL.191	0.005	0.0004	0.8692	0.029800000000000004	0.0018000000000000002	0.09379999999999998
11712.SUBJECT20.STOOL.426	0.9632	0.012999999999999998	0.020200000000000003	0.0021999999999999997	0.0006000000000000001	0.0008
11713.21.S.21A	0.028800000000000003	0.012	0.36639999999999995	0.1608	0.004400000000000001	0.4276
11713.22.S.22C	0.023599999999999996	0.005000000000000001	0.6474	0.06440000000000001	0.011	0.2486
11712.SUBJECT40.SKIN.904	0.0006000000000000001	0.0	0.9967999999999998	0.0	0.0026000000000000003	0.0
11712.SUBJECT19.ORAL.337	0.0004	0.9858	0.0128	0.001	0.0	0.0
11712.SUBJECT21.ORAL.437	0.0102	0.47539999999999993	0.34059999999999996	0.0036000000000000003	0.0254	0.14479999999999998
11712.SUBJECT21.STOOL.462	0.9936	0.0	0.006	0.0	0.0004	0.0
11712.SUBJECT30.SKIN.671	0.006	0.17079999999999998	0.055400000000000005	0.05820000000000001	0.5534000000000001	0.15619999999999998
11712.SUBJECT20.STOOL.421	0.0744	0.054799999999999995	0.0812	0.004	0.0052	0.7804
11713.21.S.21F	0.0036000000000000003	0.0002	0.9861999999999999	0.0006000000000000001	0.0028000000000000004	0.006600000000000002
11713.1.S.1F	0.0006000000000000001	0.0006000000000000001	0.9608000000000001	0.0004	0.0038000000000000004	0.03380000000000001
11713.22.S.22D	0.0	0.0	0.9936	0.0	0.005599999999999999	0.0008
11712.SUBJECT40.SKIN.903	0.001	0.0	0.9928000000000001	0.0	0.005200000000000001	0.001
11712.SUBJECT32.STOOL.719	0.9503999999999999	0.0004	0.039599999999999996	0.0	0.002	0.007600000000000001
11712.SUBJECT28.SKIN.596	0.0012000000000000001	0.0004	0.9693999999999999	0.0004	0.0184	0.010199999999999999
11712.SUBJECT22.STOOL.476	0.2306	0.030200000000000005	0.049199999999999994	0.013800000000000002	0.0032	0.673
11712.SUBJECT23.SKIN.490	0.0058	0.0028	0.042599999999999985	0.0082	0.0016	0.9389999999999998
11712.SUBJECT19.STOOL.365	0.023600000000000003	0.023799999999999995	0.016999999999999994	0.003400000000000001	0.0014	0.9308
11712.SUBJECT31.ORAL.691	0.0006000000000000001	0.0004	0.9490000000000001	0.0	0.0046	0.04539999999999999
11712.SUBJECT9.ORAL.1166	0.0018000000000000002	0.7405999999999999	0.07680000000000001	0.0006000000000000001	0.0076	0.17259999999999998
11712.SUBJECT22.ORAL.470	0.0014	0.9882	0.009600000000000001	0.0002	0.0004	0.0002
11712.SUBJECT11.ORAL.54	0.005200000000000001	0.18879999999999997	0.4468000000000001	0.0014	0.0018000000000000002	0.356
11712.SUBJECT43.ORAL.1025	0.010199999999999999	0.0058	0.029600000000000005	0.0062000000000000015	0.0016	0.9465999999999999
11712.SUBJECT38.ORAL.811	0.005599999999999999	0.9284000000000001	0.053200000000000004	0.0022000000000000006	0.0016	0.009
11712.SUBJECT23.STOOL.498	0.0316	0.017999999999999995	0.05620000000000001	0.0052	0.0014	0.8876
11712.SUBJECT41.STOOL.970	0.9962	0.0028	0.0	0.0	0.001	0.0
11712.SUBJECT38.SKIN.820	0.0012000000000000001	0.8602000000000001	0.1004	0.0004	0.0022	0.0356
11712.SUBJECT20.ORAL.397	0.008000000000000002	0.9667999999999999	0.0218	0.0021999999999999997	0.0006000000000000001	0.0006000000000000001
11712.SUBJECT16.SKIN.174	0.0006000000000000001	0.0004	0.9434000000000001	0.0	0.0034000000000000002	0.0522
11712.SUBJECT38.STOOL.823	0.07	0.2994	0.6104	0.020200000000000003	0.0	0.0
11712.SUBJECT12.SKIN.85	0.0164	0.0154	0.9262	0.0014	0.0024000000000000002	0.03819999999999999
11712.SUBJECT15.SKIN.148	0.2264	0.0092	0.5304	0.013000000000000001	0.0184	0.20259999999999997
11712.SUBJECT37.ORAL.791	0.0	0.5366	0.0128	0.0006000000000000001	0.0002	0.4498000000000001
11712.SUBJECT31.STOOL.703	0.0008	0.012	0.9663999999999999	0.0008	0.0162	0.0038000000000000004
11712.SUBJECT7.STOOL.1111	0.8564	0.0002	0.0154	0.038	0.0002	0.08979999999999998
11712.SUBJECT28.SKIN.598	0.0004	0.0002	0.7430000000000001	0.0	0.021399999999999995	0.23500000000000001
11712.SUBJECT22.STOOL.478	0.05740000000000001	0.013399999999999999	0.015199999999999997	0.06260000000000002	0.0054	0.8459999999999999
11712.SUBJECT17.STOOL.261	0.043199999999999995	0.001	0.0	0.6474	0.0004	0.30799999999999994
11713.8.F.8A	0.009800000000000001	0.001	0.05099999999999999	0.07619999999999999	0.0020000000000000005	0.86
11713.5.O.5D	0.0014	0.0002	0.9936	0.0	0.0024000000000000002	0.0024000000000000002
11712.SUBJECT25.SKIN.541	0.0062	0.0012000000000000001	0.9751999999999998	0.010199999999999997	0.0024000000000000002	0.0048000000000000004
11712.SUBJECT10.ORAL.33	0.0268	0.5696000000000001	0.38780000000000003	0.015	0.0006000000000000001	0.0002
11713.22.O.22C	0.0008	0.0024000000000000002	0.1162	0.0002	0.0012000000000000001	0.8792
11712.SUBJECT9.ORAL.1168	0.0154	0.2692	0.1586	0.026399999999999996	0.14420000000000002	0.38620000000000004
11712.SUBJECT33.STOOL.728	0.8974	0.003400000000000001	0.0202	0.008	0.0016	0.06939999999999999
11712.SUBJECT21.ORAL.442	0.0128	0.9666	0.0086	0.0018000000000000002	0.0026000000000000003	0.007600000000000001
11713.8.F.8F	0.9381999999999999	0.0088	0.045799999999999993	0.004000000000000001	0.0012000000000000001	0.0020000000000000005
11712.SUBJECT31.ORAL.698	0.008200000000000002	0.08159999999999999	0.0098	0.001	0.7924000000000001	0.10700000000000001
11713.5.O.5C	0.021399999999999995	0.01	0.741	0.08879999999999998	0.015000000000000003	0.12380000000000002
11713.22.O.22D	0.2604	0.0006000000000000001	0.7198	0.0046	0.0014	0.0132
11712.SUBJECT10.ORAL.34	0.014199999999999999	0.8824	0.071	0.009000000000000001	0.0008	0.022599999999999995
11712.SUBJECT9.SKIN.1192	0.004000000000000001	0.0038000000000000004	0.5900000000000001	0.0008	0.004600000000000001	0.3968
11712.SUBJECT20.SKIN.408	0.0218	0.0788	0.8132000000000001	0.0086	0.0028000000000000004	0.0748
11712.SUBJECT30.ORAL.647	0.0008	0.006200000000000001	0.9899999999999999	0.0	0.003	0.0
11712.SUBJECT12.ORAL.65	0.038799999999999994	0.6452000000000001	0.2996	0.016200000000000003	0.0	0.0002
11712.SUBJECT16.SKIN.173	0.0008	0.004000000000000001	0.8924000000000001	0.0020000000000000005	0.004600000000000001	0.09619999999999998
11712.SUBJECT38.STOOL.824	0.0502	0.16560000000000002	0.7626000000000001	0.021200000000000004	0.0002	0.0002
11712.SUBJECT12.SKIN.82	0.0022	0.0004	0.9922000000000001	0.0008	0.004	0.0004
11712.SUBJECT31.STOOL.704	0.0004	0.0	0.9974000000000001	0.0002	0.0020000000000000005	0.0
11712.SUBJECT34.SKIN.738	0.004399999999999999	0.0006000000000000001	0.9925999999999998	0.0	0.0018000000000000002	0.0006000000000000001
11712.SUBJECT19.ORAL.339	0.008799999999999999	0.9614	0.0278	0.0018000000000000002	0.0002	0.0
11712.SUBJECT31.ORAL.700	0.0226	0.0156	0.5856	0.0514	0.16999999999999996	0.1548
11712.SUBJECT38.ORAL.809	0.007400000000000001	0.26660000000000006	0.7188000000000001	0.005800000000000001	0.0012000000000000001	0.0002
11712.SUBJECT30.ORAL.656	0.0024000000000000002	0.1012	0.11840000000000002	0.0006000000000000001	0.026600000000000002	0.7507999999999999
11712.SUBJECT41.STOOL.968	0.9982	0.0006000000000000001	0.0004	0.0	0.0008	0.0
11713.8.S.8A	0.003	0.0008	0.8837999999999999	0.008400000000000001	0.004400000000000001	0.0996
11712.SUBJECT22.ORAL.468	0.0012000000000000001	0.9890000000000001	0.009600000000000003	0.0002	0.0	0.0
11712.SUBJECT4.SKIN.851	0.007000000000000001	0.5652	0.013000000000000001	0.14179999999999998	0.0008	0.27220000000000005
11712.SUBJECT3.SKIN.634	0.0016	0.007400000000000001	0.8026	0.0	0.002	0.18639999999999995
11712.SUBJECT42.STOOL.1016	0.4232	0.0004	0.0032	0.5367999999999999	0.0008	0.0356
11713.22.F.22E	0.0014	0.0	0.9969999999999999	0.0	0.0014	0.0002
11712.SUBJECT3.SKIN.633	0.003	0.0028000000000000004	0.2854	0.0002	0.0022000000000000006	0.7063999999999998
11712.SUBJECT16.STOOL.189	0.6892	0.0206	0.004000000000000001	0.18619999999999998	0.017	0.08299999999999999
11712.SUBJECT30.STOOL.675	0.0008	0.0	0.9968	0.0	0.0014	0.001
11713.8.S.8F	0.0006000000000000001	0.0	0.9965999999999999	0.0	0.0022000000000000006	0.0006000000000000001
11712.SUBJECT4.SKIN.856	0.0002	0.0006000000000000001	0.9457999999999999	0.0	0.0026000000000000003	0.0508
11712.SUBJECT18.SKIN.297	0.001	0.0	0.9952	0.0	0.0032	0.0006000000000000001
11713.25.S.25F	0.0016	0.0002	0.9823999999999999	0.0058	0.0026000000000000003	0.007400000000000001
11713.4.O.4D	0.0006000000000000001	0.0004	0.9824000000000002	0.0064	0.0024000000000000002	0.0078
11713.1.F.1A	0.008799999999999999	0.07619999999999999	0.0274	0.1096	0.0020000000000000005	0.776
11712.SUBJECT13.STOOL.116	0.8245999999999999	0.0004	0.008	0.16539999999999996	0.0016	0.0
11713.20.O.20G	0.0012000000000000001	0.0018000000000000002	0.9902000000000001	0.0002	0.0026000000000000003	0.004000000000000001
11712.SUBJECT28.STOOL.605	0.5854000000000001	0.002	0.007800000000000001	0.32039999999999996	0.0014000000000000002	0.08300000000000003
11712.SUBJECT26.SKIN.562	0.0018000000000000002	0.092	0.308	0.137	0.2062	0.255
11712.SUBJECT20.SKIN.410	0.0014	0.0038	0.8699999999999999	0.0014	0.0030000000000000005	0.12040000000000002
11712.SUBJECT40.STOOL.922	0.1018	0.20739999999999997	0.06140000000000001	0.0008	0.0020000000000000005	0.6266
11712.SUBJECT24.ORAL.513	0.0	0.9583999999999998	0.04039999999999999	0.0002	0.001	0.0
11712.SUBJECT41.SKIN.960	0.015200000000000002	0.34419999999999995	0.2298	0.0006000000000000001	0.005000000000000001	0.40520000000000006
11712.SUBJECT23.STOOL.500	0.06260000000000002	0.043399999999999994	0.04459999999999999	0.06340000000000001	0.0016	0.7844
11712.SUBJECT38.ORAL.807	0.0002	0.9815999999999999	0.0172	0.0004	0.0006000000000000001	0.0
11712.SUBJECT26.SKIN.565	0.001	0.005400000000000002	0.9809999999999999	0.0	0.0108	0.0018000000000000002
